 mu =      25.475000
 ex =       1.312516
 kG1=     602.536100
 kp =     102.235600
 kVB=     350.392900
